1643179647635 0.49362874031066895 0
1643179647662 0.02576136589050293 1
1643179647684 0.02108144760131836 2
1643179647706 0.020298242568969727 3
1643179647910 0.025190114974975586 4
1643179647931 0.01971912384033203 5
1643179647952 0.019514083862304688 6
1643179647973 0.020190715789794922 7
1643179648178 0.024915218353271484 8
1643179648199 0.019659757614135742 9
1643179648221 0.020550012588500977 10
1643179648243 0.020121335983276367 11
1643179648443 0.02500176429748535 12
1643179648464 0.0197751522064209 13
1643179648487 0.021422624588012695 14
1643179648508 0.019795656204223633 15
1643179648694 0.024748563766479492 16
1643179648717 0.021647214889526367 17
1643179648738 0.019474506378173828 18
1643179648759 0.0193023681640625 19
