1643179647636 40.71342468261719 0
1643179647663 39.332191467285156 1
1643179647685 55.01713562011719 2
1643179647707 34.850791931152344 3
1643179647911 34.399131774902344 4
1643179647932 53.53413772583008 5
1643179647953 34.19963836669922 6
1643179647975 33.61048126220703 7
1643179648179 31.767616271972656 8
1643179648200 42.09974670410156 9
1643179648222 30.62289047241211 10
1643179648244 26.359468460083008 11
1643179648444 36.55503845214844 12
1643179648465 28.96318817138672 13
1643179648488 23.72784996032715 14
1643179648510 26.46592903137207 15
1643179648695 24.76873016357422 16
1643179648718 20.466285705566406 17
1643179648739 42.950469970703125 18
1643179648760 24.332908630371094 19
