1643179516904 59.23979949951172 0
1643179516932 39.56223678588867 1
1643179516954 38.33979034423828 2
1643179516975 37.2432861328125 3
1643179517186 48.22609329223633 4
1643179517208 33.44168472290039 5
1643179517229 34.135894775390625 6
1643179517251 33.11329650878906 7
1643179517467 37.023597717285156 8
1643179517489 30.11075782775879 9
1643179517510 27.24982452392578 10
1643179517532 30.58592987060547 11
1643179517739 28.43984603881836 12
1643179517761 25.780517578125 13
1643179517782 47.3145866394043 14
1643179517804 23.88142204284668 15
1643179518011 22.030725479125977 16
1643179518032 22.636592864990234 17
1643179518054 21.17786979675293 18
1643179518075 43.35828399658203 19
