1643180222557 0.5118598937988281 0
1643180222585 0.02623772621154785 1
1643180222607 0.020428180694580078 2
1643180222629 0.020600557327270508 3
1643180222829 0.024919509887695312 4
1643180222850 0.01979541778564453 5
1643180222872 0.02030777931213379 6
1643180222894 0.020363330841064453 7
1643180223100 0.025295495986938477 8
1643180223123 0.021120071411132812 9
1643180223144 0.019865751266479492 10
1643180223166 0.020877361297607422 11
1643180223384 0.02520465850830078 12
1643180223407 0.021262645721435547 13
1643180223428 0.020108461380004883 14
1643180223451 0.02106308937072754 15
1643180223640 0.024232149124145508 16
1643180223662 0.020716190338134766 17
1643180223684 0.020580291748046875 18
1643180223706 0.02028369903564453 19
