1643180222558 36.86088562011719 0
1643180222586 37.48270034790039 1
1643180222608 37.51561737060547 2
1643180222631 53.39771270751953 3
1643180222830 32.94923400878906 4
1643180222851 50.93791961669922 5
1643180222873 34.219024658203125 6
1643180222895 32.273468017578125 7
1643180223101 27.99883270263672 8
1643180223124 30.542606353759766 9
1643180223145 43.970428466796875 10
1643180223167 27.845718383789062 11
1643180223385 39.08106994628906 12
1643180223408 25.348661422729492 13
1643180223429 25.27890396118164 14
1643180223452 23.1649227142334 15
1643180223641 21.90625 16
1643180223663 22.620309829711914 17
1643180223685 21.67243194580078 18
1643180223707 36.64295959472656 19
