1643110808884 44.023841857910156 0
1643110808912 38.50007629394531 1
1643110808934 54.26951599121094 2
1643110808956 36.080848693847656 3
1643110809137 34.87774658203125 4
1643110809160 32.608436584472656 5
1643110809181 47.01276779174805 6
1643110809203 33.847190856933594 7
1643110809376 29.210847854614258 8
1643110809397 48.40058135986328 9
1643110809419 26.225387573242188 10
1643110809441 28.284225463867188 11
1643110809630 44.12939453125 12
1643110809653 23.098514556884766 13
1643110809674 21.506946563720703 14
1643110809696 24.415348052978516 15
1643110809858 26.918914794921875 16
1643110809880 18.77259635925293 17
1643110809902 41.28052520751953 18
1643110809924 16.976520538330078 19
