1643107577555 41.556514739990234 0
1643107577584 39.01814270019531 1
1643107577606 56.819000244140625 2
1643107577627 37.99744415283203 3
1643107577799 51.94639587402344 4
1643107577821 33.68571472167969 5
1643107577844 31.25141143798828 6
1643107577865 32.644874572753906 7
1643107578059 31.83054542541504 8
1643107578081 46.54749298095703 9
1643107578103 28.92852020263672 10
1643107578124 28.748952865600586 11
1643107578317 25.77352523803711 12
1643107578340 27.847614288330078 13
1643107578361 24.873926162719727 14
1643107578383 39.10540008544922 15
1643107578565 43.695289611816406 16
1643107578586 22.35167694091797 17
1643107578609 22.313432693481445 18
1643107578631 21.87931251525879 19
