1643110848920 39.79669189453125 0
1643110848948 38.60633850097656 1
1643110848971 52.377471923828125 2
1643110848992 34.986900329589844 3
1643110849156 33.79978942871094 4
1643110849179 51.327171325683594 5
1643110849201 30.922475814819336 6
1643110849223 31.599231719970703 7
1643110849409 46.873191833496094 8
1643110849432 30.95284080505371 9
1643110849453 30.30745506286621 10
1643110849475 29.753589630126953 11
1643110849660 25.01901626586914 12
1643110849684 27.302574157714844 13
1643110849705 26.521875381469727 14
1643110849727 35.4432373046875 15
1643110849918 23.689998626708984 16
1643110849940 25.30321502685547 17
1643110849962 25.158660888671875 18
1643110849984 23.907812118530273 19
