1643107483586 41.354278564453125 0
1643107483614 58.45880889892578 1
1643107483636 37.082664489746094 2
1643107483658 38.01818084716797 3
1643107483836 54.85413360595703 4
1643107483859 36.023929595947266 5
1643107483881 33.418487548828125 6
1643107483901 32.08149337768555 7
1643107484067 32.23420715332031 8
1643107484089 29.178428649902344 9
1643107484110 44.8299446105957 10
1643107484131 27.084739685058594 11
1643107484316 25.666690826416016 12
1643107484338 23.242002487182617 13
1643107484361 27.766544342041016 14
1643107484383 42.64471435546875 15
1643107484560 24.564075469970703 16
1643107484583 38.534820556640625 17
1643107484604 21.540184020996094 18
1643107484626 19.918283462524414 19
