1643179516903 0.5190517902374268 0
1643179516931 0.026069164276123047 1
1643179516953 0.020190000534057617 2
1643179516974 0.019504547119140625 3
1643179517185 0.02488565444946289 4
1643179517207 0.020825862884521484 5
1643179517229 0.019930601119995117 6
1643179517251 0.020635366439819336 7
1643179517466 0.025513172149658203 8
1643179517488 0.01990509033203125 9
1643179517509 0.01999354362487793 10
1643179517531 0.020774364471435547 11
1643179517738 0.024510622024536133 12
1643179517760 0.020437955856323242 13
1643179517781 0.019428014755249023 14
1643179517803 0.020392179489135742 15
1643179518010 0.025065183639526367 16
1643179518031 0.019826173782348633 17
1643179518053 0.02041006088256836 18
1643179518074 0.02025914192199707 19
