1643111374399 40.73527526855469 0
1643111374426 55.945953369140625 1
1643111374447 35.152984619140625 2
1643111374469 38.06269073486328 3
1643111374654 34.854347229003906 4
1643111374676 52.946006774902344 5
1643111374698 33.459251403808594 6
1643111374720 31.518327713012695 7
1643111374900 29.68314552307129 8
1643111374922 47.85091781616211 9
1643111374942 29.174644470214844 10
1643111374964 28.548511505126953 11
1643111375151 29.15643310546875 12
1643111375173 25.612247467041016 13
1643111375194 24.873605728149414 14
1643111375215 43.907081604003906 15
1643111375396 22.13573455810547 16
1643111375419 39.38481140136719 17
1643111375440 23.845367431640625 18
1643111375462 20.904735565185547 19
