1643110976333 44.71315002441406 0
1643110976361 36.84537124633789 1
1643110976385 38.182212829589844 2
1643110976407 54.95643615722656 3
1643110976579 31.269195556640625 4
1643110976601 34.58799743652344 5
1643110976623 32.783843994140625 6
1643110976645 46.71779251098633 7
1643110976835 25.509410858154297 8
1643110976857 40.71567153930664 9
1643110976878 29.056621551513672 10
1643110976900 26.989402770996094 11
1643110977088 25.34504508972168 12
1643110977110 31.19786834716797 13
1643110977131 22.814800262451172 14
1643110977153 29.931182861328125 15
1643110977315 23.09624481201172 16
1643110977339 21.256614685058594 17
1643110977360 24.32442855834961 18
1643110977381 38.83863830566406 19
