1643111247673 40.03611755371094 0
1643111247700 57.26665496826172 1
1643111247722 38.16323471069336 2
1643111247744 36.46577453613281 3
1643111247924 53.80268096923828 4
1643111247948 30.264211654663086 5
1643111247969 34.62369155883789 6
1643111247990 33.56598663330078 7
1643111248178 32.13145446777344 8
1643111248200 41.5613899230957 9
1643111248222 29.628131866455078 10
1643111248244 24.334590911865234 11
1643111248423 43.15753173828125 12
1643111248446 27.100114822387695 13
1643111248468 26.23752212524414 14
1643111248490 27.352985382080078 15
1643111248678 23.31891632080078 16
1643111248701 21.301097869873047 17
1643111248722 35.71856689453125 18
1643111248744 21.15578842163086 19
